
dataframe shape
 (4000, 22) 

dataframe types
 Re           int64
We           int64
Np           int64
Csg        float64
Cls        float64
Als        float64
D1         float64
D2         float64
D3         float64
D4         float64
X1         float64
Y1         float64
X2         float64
Y2         float64
X3         float64
Y3         float64
X4         float64
Y4         float64
AVG(Wa)    float64
STD(Wa)    float64
AVG(La)    float64
STD(La)    float64
dtype: object 

dataframe head
      Re   We  Np           Csg       Cls       Als        D1        D2  \
0  6383  386   2  3.053410e-12  0.257220  0.370303  0.001698  0.001003   
1  5027  690   4  7.373720e-12  0.106513  0.174368  0.001928  0.001576   
2  4929  802   3  4.064850e-12  0.193217  0.260318  0.000944  0.001240   
3  3421  219   1  8.311070e-13  0.945003  0.972113  0.001029  0.000000   
4  3315  670   2  2.956440e-12  0.265657  0.405773  0.000629  0.001835   

         D3        D4        X1        Y1        X2        Y2        X3  \
0  0.000000  0.000000  0.011594  0.008094  0.009378  0.009842  0.000000   
1  0.000524  0.001706  0.011527  0.010824  0.006698  0.010687  0.007078   
2  0.001657  0.000000  0.009971  0.010171  0.012196  0.008597  0.009170   
3  0.000000  0.000000  0.011145  0.012921  0.000000  0.000000  0.000000   
4  0.000000  0.000000  0.006731  0.011203  0.008068  0.007313  0.000000   

         Y3       X4        Y4       AVG(Wa)       STD(Wa)   AVG(La)  \
0  0.000000  0.00000  0.000000  7.553574e-07  2.675228e-05  0.003135   
1  0.007288  0.01214  0.008227  3.776028e-07  1.160868e-08  0.003132   
2  0.011712  0.00000  0.000000  8.308553e-07  2.599608e-05  0.003136   
3  0.000000  0.00000  0.000000  6.229846e-07  1.640844e-08  0.003135   
4  0.000000  0.00000  0.000000  6.849731e-07  1.472899e-05  0.003134   

        STD(La)  
0  1.921420e-04  
1  1.465443e-06  
2  2.276857e-04  
3  5.915162e-07  
4  2.810291e-05   

dataframe describe
            Re      We      Np      Csg      Cls     Als       D1       D2  \
count  4000.0  4000.0  4000.0  4.0e+03  4.0e+03  4000.0  4.0e+03  4.0e+03   
mean   5433.0   552.9     2.5  3.4e-12  4.5e-01     0.5  1.2e-03  9.3e-04   
std    2605.2   260.5     1.1  2.1e-12  5.7e-01     0.3  4.3e-04  6.6e-04   
min    1001.0   100.0     1.0  2.0e-13  6.7e-02     0.1  5.0e-04  0.0e+00   
25%    3183.5   328.0     1.0  1.8e-12  1.6e-01     0.2  8.8e-04  0.0e+00   
50%    5411.5   557.0     2.0  3.1e-12  2.5e-01     0.3  1.2e-03  9.8e-04   
75%    7657.8   774.0     3.0  4.8e-12  4.5e-01     0.6  1.6e-03  1.5e-03   
max    9997.0   999.0     4.0  1.2e-11  4.0e+00     2.0  2.0e-03  2.0e-03   

            D3       D4       X1       Y1       X2       Y2       X3       Y3  \
count  4.0e+03  4.0e+03  4.0e+03  4.0e+03  4.0e+03  4.0e+03  4.0e+03  4.0e+03   
mean   6.2e-04  3.0e-04  9.0e-03  1.0e-02  6.6e-03  7.4e-03  4.4e-03  5.0e-03   
std    7.0e-04  5.7e-04  1.9e-03  2.0e-03  4.3e-03  4.7e-03  4.7e-03  5.2e-03   
min    0.0e+00  0.0e+00  5.3e-03  6.3e-03  0.0e+00  0.0e+00  0.0e+00  0.0e+00   
25%    0.0e+00  0.0e+00  7.3e-03  8.4e-03  0.0e+00  0.0e+00  0.0e+00  0.0e+00   
50%    0.0e+00  0.0e+00  9.0e-03  1.0e-02  7.8e-03  8.7e-03  0.0e+00  0.0e+00   
75%    1.2e-03  0.0e+00  1.1e-02  1.2e-02  1.0e-02  1.1e-02  8.9e-03  1.0e-02   
max    2.0e-03  2.0e-03  1.3e-02  1.4e-02  1.3e-02  1.4e-02  1.3e-02  1.4e-02   

            X4       Y4  AVG(Wa)  STD(Wa)  AVG(La)  STD(La)  
count  4.0e+03  4.0e+03  4.0e+03  4.0e+03  4.0e+03  4.0e+03  
mean   2.2e-03  2.4e-03  1.1e-06  1.6e-06  3.1e-03  9.7e-06  
std    4.0e-03  4.4e-03  1.3e-07  2.6e-06  7.4e-07  1.5e-05  
min    0.0e+00  0.0e+00  0.0e+00  0.0e+00  3.1e-03  1.4e-08  
25%    0.0e+00  0.0e+00  1.1e-06  3.2e-09  3.1e-03  1.9e-07  
50%    0.0e+00  0.0e+00  1.1e-06  1.1e-06  3.1e-03  5.7e-06  
75%    0.0e+00  0.0e+00  1.2e-06  2.2e-06  3.1e-03  1.3e-05  
max    1.3e-02  1.4e-02  1.7e-06  4.9e-05  3.1e-03  2.4e-04   

dataframe correlation -  spearman 
                Re        We        Np       Csg       Cls       Als        D1  \
Re       1.00e+00  1.08e-02  9.20e-04 -1.15e-02  1.15e-02  7.53e-03 -2.99e-02   
We       1.08e-02  1.00e+00  2.58e-02  2.95e-02 -2.95e-02 -2.79e-02  1.04e-02   
Np       9.20e-04  2.58e-02  1.00e+00  7.65e-01 -7.65e-01 -9.08e-01  6.00e-03   
Csg     -1.15e-02  2.95e-02  7.65e-01  1.00e+00 -1.00e+00 -9.60e-01  4.23e-01   
Cls      1.15e-02 -2.95e-02 -7.65e-01 -1.00e+00  1.00e+00  9.60e-01 -4.23e-01   
Als      7.53e-03 -2.79e-02 -9.08e-01 -9.60e-01  9.60e-01  1.00e+00 -2.77e-01   
D1      -2.99e-02  1.04e-02  6.00e-03  4.23e-01 -4.23e-01 -2.77e-01  1.00e+00   
D2       4.41e-03  3.32e-02  6.00e-01  6.99e-01 -6.99e-01 -7.06e-01 -4.92e-03   
D3      -4.28e-03  1.34e-03  8.28e-01  7.42e-01 -7.42e-01 -8.26e-01  1.33e-02   
D4      -1.05e-03  2.12e-02  7.57e-01  5.64e-01 -5.64e-01 -6.75e-01  9.33e-03   
X1       1.60e-02  4.69e-03 -2.22e-02 -2.66e-02  2.66e-02  2.61e-02  1.29e-02   
Y1       4.53e-03 -7.01e-06  3.14e-03  9.64e-03 -9.64e-03 -7.50e-03  1.48e-02   
X2       3.27e-02  2.69e-02  6.04e-01  4.74e-01 -4.74e-01 -5.60e-01 -8.07e-03   
Y2       1.00e-02  1.88e-02  6.07e-01  4.82e-01 -4.82e-01 -5.66e-01 -7.28e-04   
X3      -1.11e-02  8.35e-03  8.30e-01  6.46e-01 -6.46e-01 -7.61e-01  1.04e-02   
Y3      -6.42e-04  1.09e-02  8.29e-01  6.42e-01 -6.42e-01 -7.58e-01  6.34e-03   
X4      -7.51e-04  1.91e-02  7.57e-01  5.41e-01 -5.41e-01 -6.58e-01  1.01e-02   
Y4       2.75e-03  2.49e-02  7.57e-01  5.41e-01 -5.41e-01 -6.59e-01  9.82e-03   
AVG(Wa) -2.56e-02  4.48e-03  4.89e-02  3.22e-02 -3.22e-02 -4.16e-02  5.24e-03   
STD(Wa) -2.20e-01  2.53e-02  4.09e-01  4.41e-01 -4.41e-01 -4.56e-01  1.47e-01   
AVG(La) -2.17e-02  1.38e-02  3.57e-02  2.11e-02 -2.11e-02 -2.82e-02  7.27e-03   
STD(La) -1.76e-01  1.42e-01  3.96e-01  3.97e-01 -3.97e-01 -4.22e-01  1.08e-01   

               D2        D3        D4        X1        Y1        X2        Y2  \
Re       4.41e-03 -4.28e-03 -1.05e-03  1.60e-02  4.53e-03  3.27e-02  1.00e-02   
We       3.32e-02  1.34e-03  2.12e-02  4.69e-03 -7.01e-06  2.69e-02  1.88e-02   
Np       6.00e-01  8.28e-01  7.57e-01 -2.22e-02  3.14e-03  6.04e-01  6.07e-01   
Csg      6.99e-01  7.42e-01  5.64e-01 -2.66e-02  9.64e-03  4.74e-01  4.82e-01   
Cls     -6.99e-01 -7.42e-01 -5.64e-01  2.66e-02 -9.64e-03 -4.74e-01 -4.82e-01   
Als     -7.06e-01 -8.26e-01 -6.75e-01  2.61e-02 -7.50e-03 -5.60e-01 -5.66e-01   
D1      -4.92e-03  1.33e-02  9.33e-03  1.29e-02  1.48e-02 -8.07e-03 -7.28e-04   
D2       1.00e+00  4.16e-01  2.55e-01 -1.42e-02 -1.27e-03  5.84e-01  5.81e-01   
D3       4.16e-01  1.00e+00  5.22e-01 -2.64e-02 -1.06e-02  4.20e-01  4.26e-01   
D4       2.55e-01  5.22e-01  1.00e+00 -3.16e-02  2.33e-02  2.57e-01  2.61e-01   
X1      -1.42e-02 -2.64e-02 -3.16e-02  1.00e+00 -5.98e-03 -6.78e-02 -1.35e-02   
Y1      -1.27e-03 -1.06e-02  2.33e-02 -5.98e-03  1.00e+00 -1.53e-04 -5.66e-02   
X2       5.84e-01  4.20e-01  2.57e-01 -6.78e-02 -1.53e-04  1.00e+00  5.89e-01   
Y2       5.81e-01  4.26e-01  2.61e-01 -1.35e-02 -5.66e-02  5.89e-01  1.00e+00   
X3       4.12e-01  8.64e-01  5.26e-01 -3.06e-02 -9.47e-03  3.98e-01  4.28e-01   
Y3       4.17e-01  8.57e-01  5.22e-01 -1.47e-02 -2.53e-02  4.18e-01  4.04e-01   
X4       2.55e-01  5.20e-01  9.73e-01 -3.79e-02  2.08e-02  2.52e-01  2.64e-01   
Y4       2.56e-01  5.21e-01  9.74e-01 -2.71e-02  1.85e-02  2.55e-01  2.63e-01   
AVG(Wa)  6.84e-03  4.19e-02  4.75e-02 -7.52e-03  1.03e-02  1.64e-02  2.47e-02   
STD(Wa)  3.28e-01  3.64e-01  3.00e-01 -6.51e-03  2.52e-02  2.51e-01  2.82e-01   
AVG(La) -4.70e-03  3.20e-02  3.66e-02  1.42e-03  9.70e-03  5.56e-03  1.12e-02   
STD(La)  3.08e-01  3.41e-01  2.82e-01 -5.56e-03  9.11e-02  2.54e-01  3.11e-01   

               X3        Y3        X4        Y4   AVG(Wa)   STD(Wa)   AVG(La)  \
Re      -1.11e-02 -6.42e-04 -7.51e-04  2.75e-03 -2.56e-02 -2.20e-01 -2.17e-02   
We       8.35e-03  1.09e-02  1.91e-02  2.49e-02  4.48e-03  2.53e-02  1.38e-02   
Np       8.30e-01  8.29e-01  7.57e-01  7.57e-01  4.89e-02  4.09e-01  3.57e-02   
Csg      6.46e-01  6.42e-01  5.41e-01  5.41e-01  3.22e-02  4.41e-01  2.11e-02   
Cls     -6.46e-01 -6.42e-01 -5.41e-01 -5.41e-01 -3.22e-02 -4.41e-01 -2.11e-02   
Als     -7.61e-01 -7.58e-01 -6.58e-01 -6.59e-01 -4.16e-02 -4.56e-01 -2.82e-02   
D1       1.04e-02  6.34e-03  1.01e-02  9.82e-03  5.24e-03  1.47e-01  7.27e-03   
D2       4.12e-01  4.17e-01  2.55e-01  2.56e-01  6.84e-03  3.28e-01 -4.70e-03   
D3       8.64e-01  8.57e-01  5.20e-01  5.21e-01  4.19e-02  3.64e-01  3.20e-02   
D4       5.26e-01  5.22e-01  9.73e-01  9.74e-01  4.75e-02  3.00e-01  3.66e-02   
X1      -3.06e-02 -1.47e-02 -3.79e-02 -2.71e-02 -7.52e-03 -6.51e-03  1.42e-03   
Y1      -9.47e-03 -2.53e-02  2.08e-02  1.85e-02  1.03e-02  2.52e-02  9.70e-03   
X2       3.98e-01  4.18e-01  2.52e-01  2.55e-01  1.64e-02  2.51e-01  5.56e-03   
Y2       4.28e-01  4.04e-01  2.64e-01  2.63e-01  2.47e-02  2.82e-01  1.12e-02   
X3       1.00e+00  8.58e-01  5.22e-01  5.26e-01  4.67e-02  3.45e-01  3.43e-02   
Y3       8.58e-01  1.00e+00  5.22e-01  5.19e-01  3.26e-02  3.49e-01  2.63e-02   
X4       5.22e-01  5.22e-01  1.00e+00  9.74e-01  5.14e-02  2.91e-01  4.14e-02   
Y4       5.26e-01  5.19e-01  9.74e-01  1.00e+00  4.81e-02  2.93e-01  3.82e-02   
AVG(Wa)  4.67e-02  3.26e-02  5.14e-02  4.81e-02  1.00e+00  5.98e-02  8.60e-01   
STD(Wa)  3.45e-01  3.49e-01  2.91e-01  2.93e-01  5.98e-02  1.00e+00  1.06e-02   
AVG(La)  3.43e-02  2.63e-02  4.14e-02  3.82e-02  8.60e-01  1.06e-02  1.00e+00   
STD(La)  3.32e-01  3.51e-01  2.75e-01  2.82e-01  4.08e-02  9.23e-01  8.71e-03   

          STD(La)  
Re      -1.76e-01  
We       1.42e-01  
Np       3.96e-01  
Csg      3.97e-01  
Cls     -3.97e-01  
Als     -4.22e-01  
D1       1.08e-01  
D2       3.08e-01  
D3       3.41e-01  
D4       2.82e-01  
X1      -5.56e-03  
Y1       9.11e-02  
X2       2.54e-01  
Y2       3.11e-01  
X3       3.32e-01  
Y3       3.51e-01  
X4       2.75e-01  
Y4       2.82e-01  
AVG(Wa)  4.08e-02  
STD(Wa)  9.23e-01  
AVG(La)  8.71e-03  
STD(La)  1.00e+00   

